0.307233413462
-0.274780136986
-0.364013636364
0.0138107623318
-0.181366346154
-0.0455770833333
0.255133692722
0.439266666667
0.31736109215
0.229422429907
0.24385
0.778967753623
-0.068273015873
0.369280107527
0.228126785714
-0.197973770492
-0.336740909091
-0.208542857143
0.261247058824
-0.131673255814
-0.575597115385
0.582386885246
0.508045026178
-0.0937722826087
-0.0905974637681
-0.0815576086957
-0.253958441558
0.383412043796
-0.711903676471
0.261042622951
0.0950852941176
0.171532038835
-0.0540447368421
-0.178415625
-0.411913888889
-0.496183783784
-0.310278787879
-0.433903623188
-0.1974
-0.448763636364
-0.267843548387
0.23347797619
-0.326092307692
-0.13140990099
0.401892929293
0.0239725490196
0.0489422818792
0.47203359375
-0.181366346154
0.795575961538
-0.042300990099
0.138996396396
-0.473794557823
-0.205540495868
0.173500621118
0.510978016086
0.307558333333
0.108822527473
0.424402884615
0.31828452381
0.226241975309
-0.30525472973
-0.327542857143
0.845532862191
-0.00129312977099
0.0169607954545
-0.397806504065
-0.0928421768707
0.294224605678
0.105304280156
0.222272489083
-0.311386013986
-0.0385379310345
-0.115915625
-0.0883166666667
-0.0908294871795
-0.21450755814
-0.579945454545
0.485717559524
-0.572542045455
0.0250053030303
0.167312962963
0.439501595745
-0.221818604651
-0.319564634146
0.341998148148
0.319421192053
-0.0130950672646
0.564177060932
-0.348297435897
0.0306434782609
0.0423933884298
0.14390859375
-0.344061184211
0.247986266094
0.429433910035
0.222006130268
0.729426666667
0.166610695187
0.586013461538
-0.193988541667
-0.283137179487
-0.576018421053
-0.354983333333
-0.697479787234
-0.458905681818
-0.0420370967742
-0.315223529412
-0.0813361702128
-0.525316666667
-0.0512055555556
-0.501547727273
0.134084375
0.675427380952
0.0405487179487
0.24000942029
0.14907826087
-0.284218965517
0.0860821428571
-0.954085393258
-0.0989770171149
-0.95192
-0.194648062016
0.434560526316
0.0235173387097
0.220074747475
0.688263129973
0.0325702380952
0.244904964539
-0.567187234043
0.174025438596
0.495190361446
0.30387027027
0.696164593301
0.364174427481
0.456191269841
0.315919444444
-0.426302439024
-0.470906944444
-0.21430625
-0.0272670212766
-0.334419230769
0.189251982379
0.30309
-0.763074157303
-0.228502941176
-0.0611635869565
-0.29102962963
-0.253910416667
0.224603012048
0.0998091194969
0.116114851485
0.227933333333
0.165441530055
-0.346036363636
0.379593865031
0.184123972603
-0.644635294118
-0.246862809917
-0.0735337209302
-0.0503849137931
0.00748188976378
0.00802410714286
0.0360355828221
0.43569375
0.434353246753
-0.416038888889
0.515044794953
0.767429545455
0.51537173913
0.277996341463
0.634177464789
0.587784615385
0.681108663366
0.253653240741
0.402454452055
0.296096621622
0.653052898551
0.342876548673
0.466813973799
0.455547198276
0.38346622807
0.477718644068
-0.0614
0.565376639344
0.273384883721
0.591056221198
0.134488586957
0.425427380952
0.500011971831
0.580492335766
0.44078359375
0.331196491228
0.495916115702
0.353642345277
0.332590384615
0.483519421488
0.422547183099
0.566996067416
0.281431018519
-0.00946818181818
0.205956890459
0.302138461538
0.289288988095
0.373678431373
-0.103878873239
0.2229125
0.376927830189
0.32281039604
0.380753153153
0.329033486239
-0.0862288288288
0.36714248366
-0.106986466165
0.136383482143
0.350675601375
-0.290709352518
-0.0745081081081
-0.28577890625
-0.150517647059
0.16951011236
0.0990553314121
0.572432214765
0.0989671875
-0.47192
-0.157601612903
-0.204769942197
0.240923412698
-0.383960693642
-0.0848182242991
-0.703353125
-0.256616101695
-0.206703571429
0.227158303887
-0.613244444444
0.0178573529412
0.154120833333
0.322189694656
-0.022384939759
-0.617192899408
0.00284137931034
0.356238392857
-0.888374264706
-0.221965217391
-0.384640990991
0.300305223881
-0.288316666667
0.0979591954023
-0.232382394366
-0.0159532994924
0.443546969697
-0.474855357143
0.105915217391
-0.770784146341
-0.118397191011
-0.0363743589744
0.234225441696
0.24641006865
-0.724536075949
-0.75437080292
-0.675775
0.15677721519
-0.5987125
-0.620200925926
0.301610869565
-0.422184482759
-0.0375515151515
0.244249159664
0.34195483871
0.0511172413793
-0.284790243902
0.622789189189
8.88888888889e-05
-0.036457591623
0.440051550388
0.158016666667
-0.0272097826087
-0.179933333333
-0.0962775510204
-0.287425
-0.332281756757
0.181128138528
0.183401630435
-0.315445685279
0.650144642857
0.153035294118
0.0284055555556
-0.0524121654501
-0.51596223176
-0.353834782609
-0.122574825175
0.0386619469027
0.207505660377
-0.38983498818
-0.0851894736842
-0.0549833333333
0.2239671875
0.177561340206
-0.432870588235
0.107862096774
-0.201712796209
0.586098201439
0.121200746269
-0.066124137931
0.0442483516484
0.290781818182
-0.0174138888889
-0.300359183673
-0.33724375
0.0872153846154
0.116622988506
-0.285421978022
0.66563630363
-0.271060714286
0.484415286624
0.554790082645
0.287305882353
0.865499659864
-0.211317682927
0.231155555556
-0.330903289474
-0.415380295567
-0.55640921659
-0.334182945736
-0.721779844961
-0.193209248555
-0.145628571429
-0.0878942965779
-0.138811290323
-0.303749206349
0.0298123893805
-0.0964647482014
0.017445814978
-0.0331792207792
-0.309721428571
-0.593501694915
-0.166864285714
-0.706810377358
-0.176765079365
0.0659194444444
-0.199091176471
-0.359795833333
-0.389534615385
0.120798529412
-0.05180625
0.126096240602
-0.00214074074074
-0.0664104166667
-0.381991836735
-0.267012068966
-0.35734047619
-0.7374
-0.339176315789
-0.0681647058824
-0.335977586207
-0.132992105263
0.691172761194
-0.749715436242
-0.0737125
-0.134819354839
-0.134819354839
-0.290591489362
-0.497327536232
-0.509108333333
-0.30892173913
-0.167997014925
-0.0478696132597
-0.870854545455
-0.675204054054
-0.439425862069
-0.239698850575
-0.0343298245614
-0.3854078125
-0.384136111111
-0.779953191489
-0.333144680851
-0.384136111111
0.163829166667
-0.403015384615
-0.18217443609
-0.0147043478261
0.0423933884298
-0.811194642857
-0.559818478261
0.0166795454545
-0.546278504673
-0.0931831325301
-0.600701886792
-0.0443711538462
-0.0942571428571
-0.53896626506
0.0427453488372
-0.130622748815
-0.0637513513514
-0.591620779221
-0.460853947368
-0.306994594595
-0.71224375
-0.164728431373
-0.35734047619
-0.558873684211
-0.0608274193548
-0.0915395348837
0.119238655462
-0.20902347561
-0.707018055556
-0.668828571429
0.766592248062
-0.2770875
-0.306902840909
-0.522771428571
-0.901418691589
-0.631906578947
0.00242352941176
-0.34495
-0.0328705882353
-0.331472164948
-0.00369370629371
0.130990957447
0.101028571429
0.0196833333333
-0.32495
0.285489072848
-0.90495952381
0.126325961538
-0.400480357143
0.704393721973
0.221867857143
0.324426086957
0.346203603604
0.00955906432749
0.217441269841
0.136302702703
0.234276136364
0.381919196429
-0.0189570175439
-0.42165
-0.4574
-0.348951724138
-0.62865
-0.6514625
-0.271060714286
0.222975722543
-0.480695454545
-0.0139957446809
-0.287326470588
-0.0281321428571
-0.0961009803922
-0.437813533835
-0.811178409091
-0.152929100529
-0.654929069767
-0.621424390244
-0.207597368421
-0.217803726708
-0.801675362319
-0.858077083333
-0.32390462963
0.10025625
-0.255909615385
0.0832315789474
0.210767701863
0.222790217391
0.0239725490196
-0.022499009901
0.0139851351351
0.173635714286
-0.147744827586
0.176116483516
0.08140859375
0.021225
-0.39152202381
-0.295762676056
0.639642079208
0.309158704453
-0.48488447205
-0.268761607143
0.489643478261
0.639823684211
0.655221621622
0.306379761905
0.380921678322
0.836555823293
0.564454304636
0.316913380282
0.18569375
0.377808333333
0.484951190476
0.380066666667
0.306870833333
0.17285
0.178401282051
0.47319375
0.304483116883
0.0808278481013
0.538945338983
0.217294444444
0.558748255814
0.312661728395
0.183690909091
-0.0245985815603
0.11069375
0.0677171875
0.221919852941
0.346508045977
0.249095535714
0.222309821429
0.0413556561086
0.241664748201
0.361625735294
0.586206557377
0.3134
0.579115957447
0.313507894737
0.593862254902
0.273011764706
0.173347663551
0.0759333333333
0.422575
0.464763120567
0.264725
0.117376785714
0.402942857143
0.289292307692
0.335863157895
0.284830215827
0.451705392157
0.479205839416
0.320524107143
0.342575
0.325985416667
-0.111476086957
0.0405487179487
-0.0760184210526
-0.262573611111
-0.0814441176471
0.0672759259259
-0.0584126582278
-0.700574603175
-0.6041578125
-0.444317808219
-0.659933333333
0.040697826087
-0.260483333333
-0.550237837838
-0.464120647773
-0.1324
-0.44212972973
0.0153370689655
-0.19315
-0.567187234043
-0.438025
-0.197576470588
-0.622593965517
-0.437114285714
-0.334021621622
-0.1737125
0.0882043956044
-0.278313461538
-0.346622222222
-0.295174390244
-0.188385915493
-0.599390740741
-0.74495
-0.433365909091
0.000191623036649
-0.422184482759
0.128039330544
-0.594534831461
-0.256285135135
-0.505909615385
-0.414205555556
-0.266057407407
-0.4987125
-0.627762318841
-0.389835344828
-0.764066666667
-0.313404464286
-0.387911363636
-0.0526727272727
-0.18930625
0.0603638888889
-0.254518644068
0.022575
-0.652955555556
-0.508014035088
0.00475277777778
0.248524170616
0.289292307692
-0.619245238095
0.0565228723404
0.0230545454545
-0.00854285714286
-0.188316666667
-0.31005060241
-0.149560714286
-0.343892890995
-0.163917857143
-0.0973038461538
-0.0392518518519
0.196786046512
0.130778571429
0.748497727273
0.356915789474
-0.0912679245283
0.380990804598
0.302457954545
0.215424074074
0.0287111111111
0.0739076923077
0.3333421875
0.250229310345
0.25066122449
0.140066666667
0.37885
-0.100052439024
0.11885
0.0339953488372
-0.247952325581
-0.2760328125
-0.189691666667
-0.122682258065
-0.359108333333
-0.120378723404
-0.154924509804
-0.056775
-0.253610526316
0.022052247191
-0.129415306122
-0.154946296296
0.05885
0.250933333333
0.427457954545
0.134940425532
-0.394084782609
-0.243225688073
-0.259108333333
0.16036119403
0.0989671875
-0.391574757282
0.378705769231
-0.0322598130841
-0.056775
0.158652631579
0.122011764706
0.179075409836
0.407572826087
0.335013793103
-0.0881534246575
0.0319010752688
0.471437837838
0.2776
0.220057627119
0.514292073171
0.32297037037
0.307183333333
0.615630821918
-0.0988030612245
0.441671969697
0.154216766467
0.4147875
-0.137425
0.267429545455
0.0389043478261
-0.570175423729
-0.188316666667
-0.44212972973
-0.263851612903
-0.604291891892
-0.370460344828
0.0409582089552
-0.631673255814
0.0259009708738
-0.412078571429
0.0447428571429
-0.165564893617
-0.0203807692308
-0.647486633663
-0.40296640625
-0.600701886792
-0.524848979592
-0.398736633663
-0.687198387097
0.222789189189
-0.163148502994
0.0815527027027
-0.924508433735
-0.935678688525
-0.269174193548
-0.0976256944444
-0.0487125
0.0908244318182
0.0849423423423
0.283552380952
-0.134136111111
-0.301983333333
-0.0742951612903
-0.1514
0.133302479339
-0.3487125
0.124438235294
-0.331880519481
-0.000197619047619
-0.290591489362
0.360606535948
-0.167077419355
0.289965591398
-0.07865
0.381964754098
0.0356097087379
0.0180807692308
-0.323852702703
0.0472010638298
-0.117805405405
-0.244546226415
-0.273602531646
-0.517548514851
0.0262875
-0.563601923077
-0.402520192308
-0.105590789474
-0.417125609756
-0.22902037037
-0.0591819148936
-0.2987125
-0.395348717949
-0.00934117647059
-0.337907246377
-0.0420601941748
-0.0462586956522
-0.267843548387
0.0976126262626
-0.1237125
-0.544654901961
0.266558333333
0.314810526316
-0.368345121951
-0.35865
-0.182148603352
-0.0837291139241
-0.0330172839506
0.100815648855
-0.986288888889
-0.0464330188679
0.168753846154
0.100762878788
-0.0402512396694
-0.385124820144
-0.250950724638
0.22984609375
-0.0999142857143
-0.0832196721311
0.0498340425532
-0.0850838235294
-0.17992173913
-0.438500746269
-0.107572413793
-0.774275
-0.411913888889
-0.570377941176
-0.317250746269
-0.139046825397
-0.105068711656
-0.30495
-0.4183375
-0.110855882353
-0.437114285714
-0.296825675676
-0.6666578125
-0.116470512821
-0.5260328125
-0.343315492958
-0.255570731707
-0.379945454545
-0.38495
-0.0814441176471
-0.314468965517
0.003928125
-0.5433375
-0.375035869565
-0.218070103093
-0.265685714286
-0.475775
-0.1874
-0.214367213115
-0.318425641026
-0.0371142857143
-0.199632142857
0.0450642857143
-0.458905681818
-0.189066666667
0.135964485981
-0.00854285714286
0.0968753623188
-0.502780434783
-0.225775
-0.216309090909
-0.34615
-0.0549833333333
-0.328968627451
-0.2987125
-0.510707692308
-0.257914705882
-0.158763636364
0.05505
-0.0681291666667
-0.21936969697
-0.398127272727
-0.362026865672
-0.412078571429
0.166469047619
-0.175306976744
0.226915068493
0.0565423076923
-0.25592
-0.5244
-0.0924892857143
-0.4024
-0.509108333333
-0.597904385965
-0.213288888889
-0.0730896551724
-0.506966326531
-0.511280597015
-0.360806862745
-0.747425
-0.539425316456
-0.252940540541
-0.470854545455
-0.0973038461538
-0.813404464286
-0.413288888889
-0.216554929577
-0.626889795918
0.0818763157895
0.10025625
0.19505
-0.107572413793
-0.163917857143
-0.605590789474
-0.540498591549
-0.172105882353
-0.266057407407
-0.1354078125
-0.0652248587571
-0.287876190476
0.140204166667
0.00679117647059
-0.540068918919
0.0648413793103
0.0303586206897
-0.0973038461538
0.0818763157895
-0.0737125
0.109276136364
0.157558333333
-0.0203807692308
-0.271060714286
-0.318425641026
-0.42098974359
-0.128203571429
-0.571626190476
0.16275625
-0.270023762376
-0.0577333333333
-0.17042919708
0.0909870967742
0.0450166666667
-0.26365
-0.199091176471
-0.822031578947
-0.242441666667
-0.430464516129
-0.180805172414
-0.4635328125
-0.600832835821
-0.600832835821
-0.619569811321
-0.199560714286
-0.305906493506
-0.319622222222
-0.172105882353
-0.1514
-0.12165
-0.496183783784
-0.30892173913
0.01069375
0.0292447368421
-0.0508027777778
-0.980695454545
-0.167077419355
-0.511820289855
-0.273025
-0.694595121951
-0.304714049587
0.195468852459
-0.150362962963
-0.238838356164
-0.00724848484848
0.124225
-0.34615
0.103124193548
-0.0987125
-0.105539534884
-0.14974375
-0.143054761905
-0.113325925926
-0.35734047619
0.115863888889
-0.211020689655
-0.142055172414
-0.147165625
-0.0762888888889
-0.245247222222
0.125437837838
-0.143054761905
-0.022165625
-0.053415625
0.19305045045
-0.176537931034
0.26483880597
0.129145454545
0.4226
-0.125512745098
-0.122049122807
-0.645467226891
-0.0703032258065
-0.379094214876
-0.509449180328
-0.620131958763
-0.913266666667
-0.345514754098
-0.502780434783
-0.46888255814
-0.0380451612903
0.196905555556
-0.0518736842105
-0.215861538462
0.0563797619048
-0.66590877193
-0.337907246377
-0.0190666666667
-0.049780952381
-0.295323076923
0.2395921875
-0.271208139535
-0.109229268293
-0.8072828125
-0.160483333333
-0.332832692308
-0.429133870968
-0.232142647059
-0.0897369565217
0.0486
-0.117963380282
0.0409582089552
-0.113325925926
0.0555605263158
-0.03865
-0.120378723404
0.0260913793103
-0.205485106383
0.441833870968
-0.0678545454545
0.0624369565217
0.337698039216
-0.117805405405
0.0805069767442
0.24584742268
-0.0678545454545
0.0382363636364
-0.18560754717
-0.00412413793103
-0.216309090909
-0.212773134328
-0.606358333333
-0.497792857143
-0.48495
-0.180805172414
-0.154954347826
-0.431490909091
-0.319729545455
-0.418123684211
-0.378301639344
-0.311868085106
-0.503357446809
-0.056775
-0.918514130435
-0.352063461538
-0.3254
-0.608077083333
-0.0730896551724
-0.0150488095238
-0.188316666667
-0.137093877551
-0.365492105263
-0.5237125
-0.3737125
-0.208542857143
-0.1514
-0.619245238095
-0.401187878788
-0.272165625
-0.128460606061
0.0624369565217
-0.372345652174
0.341386764706
-0.075775
-0.117279518072
-0.117059090909
-0.240791304348
-0.00190431034483
-0.748193650794
-0.384833035714
-0.265685714286
-0.0452231292517
-0.202730882353
-0.211321568627
0.229486792453
0.207558333333
0.152261016949
-0.0808722222222
-0.506798148148
0.00292894736842
-0.494225396825
-0.142055172414
-0.0924892857143
-0.414409493671
-0.497071052632
-0.524275
-0.199335483871
-0.1987125
-0.432724074074
-0.459302173913
-0.228204597701
-0.333144680851
-0.694846808511
-0.306994594595
0.383024107143
-0.482080851064
-0.232870588235
-0.230929411765
-0.199335483871
-0.145019047619
-0.14495
-0.217436764706
-0.585275
-0.402321875
-0.439527659574
0.108949206349
-0.192638095238
-0.586073469388
-0.0350530612245
-0.611476086957
-0.0942571428571
-0.0942571428571
-0.567997826087
-0.0987125
-0.508014035088
-0.254518644068
-0.341175510204
-0.0226205882353
0.0575583333333
0.099324137931
-0.0130418918919
-0.206790243902
-0.049780952381
-0.0942571428571
-0.152051162791
0.0827960784314
-0.255570731707
-0.240915625
0.231565517241
-0.391905208333
-0.022165625
-0.411913888889
-0.0981575757576
-0.372345652174
-0.830660869565
0.0348222222222
-0.115915625
-0.21936969697
-0.188316666667
0.0950404761905
-0.161913888889
-0.137911363636
-0.522828571429
-0.444439473684
-0.809108333333
-0.609108333333
-0.4322828125
-0.334021621622
-0.26365
-0.408542857143
-0.50495
-0.0924892857143
-0.000197619047619
0.1145921875
-0.0656857142857
-0.199335483871
0.187105494505
-0.240915625
0.112088636364
-0.128203571429
-0.267143589744
-0.0730896551724
-0.190673809524
-0.188316666667
-0.0348509803922
-0.378301639344
-0.022165625
-0.215861538462
-0.120378723404
-0.110855882353
-0.0443711538462
0.0173297297297
-0.183365909091
-0.174301408451
0.127119230769
-0.214483333333
0.0439068181818
0.0565423076923
0.0146535714286
0.0984108108108
0.099324137931
-0.132623214286
-0.178415625
-0.286544736842
-0.02495
0.0180807692308
0.152464864865
-0.448217307692
-0.352063461538
-0.0945982758621
-0.3574
-0.0253166666667
0.224859615385
-0.02165
-0.525632758621
-0.500197619048
-0.0520323529412
0.2864671875
0.168753846154
0.0146535714286
-0.228502941176
-0.163917857143
0.0439068181818
-0.0520323529412
0.141922916667
-0.084665625
-0.303415625
-0.116685714286
-0.0478166666667
-0.0637513513514
-0.0210607142857
-0.0203807692308
-0.316410416667
0.0648413793103
0.00475277777778
0.0189586956522
-0.161913888889
-0.32165
-0.443216326531
-0.263851612903
-0.600476923077
-0.106358333333
0.00475277777778
-0.067997826087
0.162885714286
-0.250537254902
-0.12865
0.0818763157895
-0.209665625
-0.0678545454545
-0.0730896551724
-0.105539534884
-0.296109677419
-0.500197619048
-0.340581818182
-0.294257142857
-0.316738235294
-0.418123684211
-0.5474
-0.257914705882
-0.476388095238
-0.0210607142857
-0.102334210526
-0.465543939394
0.157510714286
-0.0814441176471
0.0860821428571
-0.106358333333
0.0362029411765
0.289498148148
-0.0785805555556
-0.056775
0.0052171875
-0.134819354839
-0.290591489362
-0.0703032258065
0.0565423076923
-0.00724848484848
0.23635
-0.0360585365854
-0.102561290323
-0.361353488372
-0.500197619048
-0.297002272727
-0.3737125
-0.477520967742
0.00475277777778
-0.134819354839
-0.263851612903
-0.340581818182
-0.870854545455
-0.0386068965517
-0.373162711864
-0.0348509803922
-0.268330232558
-0.0993907407407
-0.0260328125
-0.422808163265
-0.00412413793103
-0.273025
-0.318425641026
-0.0869614035088
-0.303415625
-0.695428169014
-0.470755263158
-0.710190697674
-0.482080851064
-0.401912195122
-0.00578709677419
-0.279975757576
0.0180807692308
-0.0203807692308
0.0116833333333
-0.115915625
-0.476388095238
0.128212244898
-0.167077419355
-0.107572413793
0.040334375
-0.359108333333
-0.143054761905
-0.388316666667
-0.328367741935
-0.206790243902
-0.225913513514
-0.354983333333
0.144266666667
-0.140267647059
-0.240915625
-0.523025
-0.240915625
-0.163917857143
-0.245503448276
-0.460804255319
-0.211020689655
-0.056775
-0.0386068965517
0.040334375
-0.207597368421
0.0116833333333
-0.206093181818
-0.106358333333
-0.2933375
-0.00724848484848
0.105742857143
-0.272165625
-0.178415625
-0.288316666667
-0.292784615385
-0.550802777778
-0.142055172414
-0.249672727273
-0.0357720930233
0.0661897435897
-0.169679411765
-0.369707692308
-0.134136111111
-0.0814441176471
-0.309721428571
-0.320767346939
-0.138938461538
0.071230952381
-0.425141935484
-0.115915625
-0.263851612903
-0.150362962963
-0.4987125
-0.199632142857
0.108896296296
-0.0386068965517
-0.0549833333333
-0.160638636364
-0.225913513514
0.0362029411765
-0.128460606061
-0.279975757576
0.0450166666667
-0.02165
-0.452578571429
-0.0762888888889
-0.240915625
-0.0973038461538
-0.150362962963
-0.1874
-0.0973038461538
-0.0203807692308
-0.3737125
-0.115915625
-0.171859459459
-0.322828571429
-0.191410416667
-0.12165
-0.211020689655
-0.235346428571
-0.245503448276
-0.0973038461538
-0.0762888888889
-0.231593548387
-0.0924892857143
-0.188316666667
-0.0973038461538
-0.0380451612903
-0.128203571429
-0.0703032258065
-0.0973038461538
-0.142055172414
-0.0730896551724
-0.113325925926
-0.12165
-0.1874
-0.294257142857
-0.434385294118
-0.316738235294
-0.176537931034
-0.0973038461538
-0.0973038461538
-0.0973038461538
-0.0762888888889
-0.0973038461538
-0.0549833333333
-0.113325925926
-0.199632142857
-0.056775
-0.0973038461538
-0.0973038461538
-0.150362962963
-0.163917857143
-0.0973038461538
-0.154983333333
-0.1874
-0.0883166666667
-0.0924892857143
-0.150362962963
-0.0392518518519
-0.1874
-0.150362962963
-0.0924892857143
-0.113325925926
-0.0973038461538
-0.0973038461538
-0.150362962963
-0.0973038461538
0.0648413793103
0.0264709677419
-0.107572413793
-0.0924892857143
-0.150362962963
-0.056775
-0.0973038461538
-0.0973038461538
0.0200285714286
-0.303415625
-0.0386068965517
-0.22165
-0.147165625
-0.231593548387
-0.0678545454545
-0.211020689655
-0.296109677419
-0.199632142857
-0.107572413793
-0.167077419355
-0.163917857143
-0.0883166666667
-0.056775
-0.113325925926
-0.163917857143
-0.254983333333
-0.296109677419
-0.167077419355
-0.231593548387
0.111683333333
-0.0549833333333
0.0718592592593
-0.199335483871
-0.140267647059
-0.128795348837
-0.107572413793
-0.0924892857143
-0.0637513513514
-0.0883166666667
-0.02165
-0.547002272727
-0.271060714286
-0.0703032258065
-0.107572413793
-0.506362264151
-0.360625806452
-0.189066666667
-0.0588423076923
-0.287326470588
-0.188316666667
-0.0762888888889
0.0146535714286
-0.4987125
-0.235346428571
-0.106358333333
-0.176537931034
-0.176537931034
-0.128203571429
-0.199091176471
-0.0678545454545
-0.12165
0.0603083333333
-0.163917857143
-0.128203571429
-0.00412413793103
-0.1874
-0.113325925926
-0.310278787879
-0.209665625
-0.0762888888889
-0.404973529412
-0.188316666667
-0.128460606061
-0.0883166666667
-0.209665625
-0.188316666667
0.0146535714286
-0.3987125
-0.107572413793
-0.138938461538
-0.0203807692308
0.0146535714286
0.259084375
0.0348222222222
0.115863888889
0.0180807692308
-0.0588423076923
-0.102561290323
-0.0762888888889
0.040334375
-0.0203807692308
0.0180807692308
-0.00578709677419
-0.0203807692308
-0.0588423076923
0.0587290322581
0.0718592592593
-0.150362962963
-0.128203571429
0.0909870967742
0.108896296296
-0.0380451612903
-0.134136111111
-0.142055172414
-0.287326470588
-0.00221481481481
0.00679117647059
-0.12165
-0.158763636364
-0.0588423076923
-0.0762888888889
-0.338097674419
-0.189066666667
-0.322828571429
-0.0392518518519
0.0180807692308
0.0200285714286
-0.0924892857143
-0.00412413793103
-0.0973038461538
-0.254983333333
-0.0924892857143
-0.22165
-0.056775
-0.0392518518519
0.0180807692308
-0.0973038461538
-0.0973038461538
-0.0386068965517
-0.12165
0.0180807692308
0.0180807692308
-0.0386068965517
0.108896296296
-0.0883166666667
-0.150362962963
-0.122828571429
-0.00221481481481
0.0180807692308
0.0146535714286
-0.0203807692308
-0.128203571429
-0.32165
-0.0203807692308
-0.0549833333333
0.0450166666667
-0.163917857143
-0.084665625
0.0180807692308
0.0503678571429
-0.12165
-0.1514
-0.0392518518519
-0.0203807692308
-0.0730896551724
-0.231593548387
-0.0392518518519
0.155503225806
0.0180807692308
0.0180807692308
-0.22165
-0.128203571429
-0.107572413793
-0.254983333333
-0.053415625
-0.113325925926
0.0180807692308
-0.288316666667
-0.0730896551724
0.0565423076923
0.0146535714286
-0.056775
-0.245503448276
-0.208542857143
-0.00221481481481
-0.0392518518519
-0.0203807692308
-0.0924892857143
-0.142055172414
-0.0973038461538
-0.0392518518519
-0.0973038461538
-0.150362962963
-0.0392518518519
-0.113325925926
-0.163917857143
-0.107572413793
-0.0392518518519
-0.154983333333
-0.113325925926
-0.0973038461538
0.0264709677419
-0.0973038461538
-0.107572413793
-0.0973038461538
-0.0973038461538
-0.0973038461538
-0.0973038461538
-0.0973038461538
-0.0973038461538
-0.0973038461538
-0.0973038461538
-0.0973038461538
-0.0973038461538
-0.0973038461538
-0.0973038461538
-0.0762888888889
-0.0973038461538
-0.0973038461538
-0.0973038461538
-0.0973038461538
-0.113325925926
-0.0973038461538
-0.0973038461538
-0.0973038461538
0
-0.0973038461538
-0.0973038461538
-0.0762888888889
-0.0973038461538
-0.0973038461538
-0.113325925926
-0.0730896551724
-0.113325925926
-0.0883166666667
-0.0210607142857
0.0180807692308
0.0718592592593
-0.0588423076923
-0.0588423076923
-0.0883166666667
-0.199335483871
0.0565423076923
0.0503678571429
-0.0973038461538
-0.0210607142857
-0.0203807692308
0.0180807692308
-0.0730896551724
-0.0588423076923
-0.0210607142857
-0.176537931034
-0.199632142857
-0.163917857143
-0.0392518518519
0.0146535714286
0.0180807692308
-0.0203807692308
-0.1514
0.0180807692308
-0.0973038461538
-0.0973038461538
-0.0203807692308
-0.0814441176471
-0.0973038461538
-0.128203571429
0.0503678571429
-0.0588423076923
0.0180807692308
-0.0973038461538
-0.0203807692308
0.0303586206897
0.0348222222222
-0.0203807692308
-0.00221481481481
-0.0203807692308
-0.0203807692308
-0.0588423076923
-0.0203807692308
0.0180807692308
-0.0203807692308
-0.0203807692308
0.0860821428571
-0.0203807692308
-0.0203807692308
0.0718592592593
0.0303586206897
-0.150362962963
0.0180807692308
-0.0203807692308
-0.0203807692308
-0.0588423076923
-0.0203807692308
0.0180807692308
0.0180807692308
-0.199632142857
0
-0.0973038461538
-0.0588423076923
0.0565423076923
-0.0203807692308
-0.056775
-0.0973038461538
-0.0588423076923
-0.0973038461538
0.0180807692308
-0.0588423076923
0.0503678571429
-0.0588423076923
-0.0588423076923
-0.0203807692308
-0.0203807692308
-0.0588423076923
-0.0203807692308
-0.0973038461538
-0.113325925926
-0.0203807692308
0.0180807692308
-0.0203807692308
-0.0588423076923
-0.0203807692308
-0.0973038461538
-0.0203807692308
-0.0588423076923
-0.0203807692308
-0.0203807692308
