0.0271920264602
0.0855160729468
-0.403955041448
0.543515983585
-0.47740492138
-0.14876926496
0.3850751562
0.215906686472
0.256436593265
0.405300280783
-0.092183476453
0.445008271017
-0.370455670048
0.300400397617
-0.430249040056
0.599111075919
-0.275756392091
0.131599802466
0.0233195787668
-0.334586601515
-0.559266889026
-0.0834943021825
-0.0569507675704
0.520336471579
0.14091765099
-0.464714172325
-0.110463900824
0.126664086024
0.186444472682
0.230205395814
0.147291855399
-0.20644731161
0.24290306553
0.25656826806
-0.115424121653
0.412291297311
0.136731333401
0.354323190994
0.160258892484
-0.524880211321
-0.0374450524981
0.138131830561
0.143225706741
-0.0266108789763
0.187320805348
0.298775627219
0.0665673986914
-0.0631109742724
-0.742001205283
0.0507640222407
-0.154383012114
0.542359164318
0.177113567365
0.196449649474
0.0711215125332
0.131602040338
0.0662516261015
0.0858505327209
0.317560785057
0.304188475249
-0.386799166579
-0.267986359964
-0.382747153125
-0.0901995457902
0.174433951478
-0.0526194584174
0.246758319867
-0.309890952821
0.139908081113
-0.106022954105
-0.153069509395
0.0850134049698
-0.0578333421054
0.052997644284
-0.0260244467373
-0.171883560365
-0.249584438826
0.0219153650631
0.343303585152
0.0109625413503
-0.121396140454
-0.451192420758
0.0136901266861
0.205246216907
-0.134869683767
0.107497010686
0.290930954633
0.302840802134
0.360395094205
0.481028736348
0.125720704918
-0.17381319499
-0.370887526922
0.140712492015
-0.129906524106
0.229306909936
0.160198876821
0.00968339707747
0.108187310057
-0.278334310392
-0.327111314249
-0.802105041164
-0.119425708396
-0.671767050231
-0.22684532161
0.0201921548334
-0.354507322382
0.0771834897058
0.00928598174236
-0.297953736287
-0.0492711521802
0.213480595062
0.119935221462
-0.269248063016
0.149727597142
-0.494088114128
0.377468628228
0.816569193241
0.372494280355
-0.0594875155589
-0.0432676952202
0.211296245067
-0.0107685567061
-0.268567748608
-0.0850054637946
0.0941761020202
0.472663183228
0.0160016331312
-0.580436412376
0.589066818191
0.288981936787
-0.13875524437
-0.223718612806
0.0938483460564
-0.0625101203902
0.435596454679
0.608454394586
0.313168829899
0.158584143508
0.101242935401
0.0208084991101
0.00337605692186
0.0633902937798
-0.00454807671875
-0.0168040806571
0.119757501812
0.339256676156
0.201287824443
-0.382314199652
0.289153699971
0.30028096307
0.778529924049
-0.394542544984
0.148226043698
-0.407742752926
-0.123049210539
0.29841589548
0.23737807921
0.108649873569
0.225586708842
-1.03133372341
-0.00770611772104
-0.375178968118
0.638251283382
0.148098340254
0.000833307828607
-0.0915291807086
-0.052180663796
0.151589266903
0.208952954505
-0.152596611503
-0.424156118168
0.583475359534
0.16227436118
0.00453575229837
0.167674975145
-0.031033836551
0.116122317029
-0.468467584035
0.292576739345
-1.77054138032
0.087164458428
-0.247786897509
0.0302439148
0.145782543758
-0.0133157597909
0.231028711021
0.084134320698
0.204313512955
-0.0543167180309
0.0372782443644
-0.0718436002408
-0.27369171473
-0.607629190045
-0.165084924152
-0.0978214079812
-0.164639136746
-0.34736840715
-0.38816674573
0.521106763492
-0.521067748782
-0.622788148563
-0.0682484836064
-0.063429931589
-0.344556061615
-1.10621579928
-0.347639241438
0.0255345102728
-0.18709064128
0.327973169178
-0.296596676549
0.148825417505
0.531323506663
0.108413167177
-0.0222577760709
0.145766164015
-0.447291205351
-0.128754250557
0.267116759179
0.207337749757
0.0898808810563
-0.357063772753
-0.249998783694
-0.448713605997
0.467378954397
-0.0292670435334
-0.0804197291262
-0.342691593979
-0.256622037877
0.110165957473
0.0628397473726
0.0470553756738
0.480913880435
-0.499541013598
0.126119815378
-0.257255253467
0.100802453333
-0.0393836100513
0.340598581032
0.0488045820272
-0.109568718799
0.367410209718
-0.0089737491589
0.186301402274
-0.0152458020872
-0.476174209487
0.099814283669
-0.155738585595
0.418817659437
0.194471994473
0.166094843887
0.481680570166
0.211003782003
-0.398901693433
-0.580565593633
0.585691442727
0.312685530157
0.231769843477
0.219669624531
0.469374807245
0.489289958039
-0.357264455858
0.247433191633
0.539717764479
0.165387331671
-0.251150531327
0.395367117479
-0.478754172968
-0.570473953189
0.762370037266
-0.0973888100673
0.359176198008
-0.116027930357
0.422918660571
-0.431441412061
0.0463007193805
-0.136739879377
0.26521169339
-0.147511756961
0.116628680889
-0.0248173544261
-0.00887745389846
0.390917497539
0.0968818474514
0.0191768088166
0.210608875288
0.414081801876
0.0926730437592
-0.418655032462
-0.209861774315
0.275236856397
0.410474655004
-0.518854877939
0.121794590149
0.626042477303
0.361170709606
-0.218875106763
0.290469610561
-0.180758034715
0.19019031179
0.0138191919515
-0.330711152872
-0.0671635485397
-0.0155375919428
-0.320012444467
0.0321767325652
0.147443371373
0.10697018224
0.145814479116
0.0194679588806
0.183899299217
0.550197807066
-0.0465138432923
0.306554275859
0.283388444627
-0.463186723147
0.207923241898
0.132098203781
-0.0563753075524
0.296030860698
-0.0987805212294
0.144136314189
0.0451878455901
0.770500013955
-0.280945265567
-0.356845525565
-0.319145491261
-0.124688184184
-0.287631550537
0.819436521478
-0.0361869973593
0.698632373473
-0.0272322265927
-0.0946966686361
0.0671864173652
-0.307792979993
0.325578547042
0.18842023074
0.35045041763
0.20039043231
0.401369782694
-0.164942086246
0.343245284117
0.0349617937328
0.0835672684795
-0.169076561442
0.0232690878669
0.48321740835
-0.0447169749279
0.315843622152
0.677348789708
0.0014253737313
-0.22154736204
-0.000109162193736
0.485850002491
-0.0754887291473
0.760978271635
0.0806052825677
0.279481281237
0.141929533995
0.0870825400419
0.043100592201
-0.453474772869
0.101558387628
-0.108511365168
0.638814832025
0.58353298887
-0.0975901294265
0.270299473207
-0.115264841224
0.259334486166
0.675128947726
0.102619931911
-0.127311053567
0.17930174964
-0.0905494033511
0.268260680669
-0.073986382445
0.299650265665
-0.52712101022
0.152858582593
-0.144698915175
0.44216302263
0.336809055967
-0.374577344358
0.250213697999
-0.234433340228
0.561960117667
0.0677128446917
0.0540929778544
-0.0236636651165
0.284219594296
-0.0473039232794
0.346158772356
0.19033196296
0.031593698179
0.0322341126643
-0.00689277894181
-0.498076473009
0.0252768865783
-0.527828702478
0.148782780419
0.0978184169636
-0.11846497956
-1.58628523094
-0.12210674626
-0.146133022025
0.181273351593
-0.100702745106
-0.236007203843
-0.0191431504453
0.129197898277
0.0519101141409
0.323943391098
0.254166272653
0.356493383371
-0.201681742483
-0.250524660938
0.152247568939
0.234857897952
-0.0530765354862
-0.0014663997543
0.0283522322588
-0.18332595231
-0.519676565212
-0.0567130720849
0.787989323701
0.433818612525
-0.168501489975
-0.154366300982
-0.0312940412764
0.16357048717
-0.161810224767
0.235639037161
-0.124519461597
0.250783718436
-0.0595843197484
0.383249982808
0.104174292432
0.578542342076
0.075952859051
-0.296112779604
-0.136863670534
0.050820713158
-1.42486500639
-0.327304492531
0.0116637587993
-0.153287430783
0.135873924925
0.309863660736
-0.448916737877
-0.256970054821
-0.202351180305
-0.699019462305
-0.109338010928
-0.109321206847
0.47986431406
-0.0418658856819
0.0242651220969
-0.160905245524
-0.175240608428
0.361885728567
-0.514703534799
0.367896051641
-0.37992153244
-0.0538440970118
0.0329903892935
0.294732599483
0.510905197065
0.0113190518473
-0.0197173065162
0.815874367503
0.174039199992
0.355466514631
-0.272745844214
-0.0526177577194
0.769298675096
-0.169477861746
-0.207562223798
-0.163717360507
0.223636107107
-0.12125004683
-0.439773100042
0.37349788722
-0.25810807507
-0.216882209227
0.118076694555
-0.363050558097
0.442998242504
-0.579574517344
-0.105452221665
-0.322841116594
0.0616240303526
0.0662082224866
0.436110172049
-0.491834954011
-0.203793762637
-0.444515585389
0.085662952249
-0.182153186858
0.283001067133
-0.0155205515061
0.271512800827
0.124003906682
-0.248146352282
0.0950665391362
1.02646833393
0.0525774391006
-0.60772958105
-0.114906262775
0.374561137679
0.310180958062
0.532882826315
0.0978974394052
-0.264520776892
0.156059908671
-0.176698762177
0.266836337774
0.567106074997
-0.000433704605613
-0.42771422274
0.340434617671
0.669727011254
-0.123663938413
-0.163279109047
-0.294974317214
-0.00834224122649
0.0554111515502
0.251766421099
0.111395784962
-0.0181486304242
0.614000374098
-0.188986287675
0.64778195202
0.18542705127
0.200984258414
-0.724570733658
-0.215053158177
0.104724239973
0.203356321499
0.129998574501
-0.107033953071
-0.12592213707
-0.387580966908
0.0140349311487
0.423930076282
0.0501140993172
0.126682120052
0.133812724677
0.290741023467
0.303821502085
-0.252401635636
0.259666867928
-0.0235438123648
0.353104261402
0.228531985185
0.186658870053
0.0765712139257
-0.122143284775
-0.112241970822
-0.567928915504
-0.179311909032
0.18460023587
-0.0621390962855
0.452397342201
-0.152764332776
0.0940727134277
-0.416299186289
-0.0192683443687
-0.370354860023
-0.340992883089
-0.109833572286
-0.128870384998
-0.0086464769881
-0.397966469465
-0.131277157763
0.258803729983
-0.380166730136
-0.207106655033
0.144826250416
0.26371401179
-0.156010862354
0.491845249818
0.0803717768352
0.0681777942142
-0.11994417644
-0.240228936407
0.21409424749
0.143575833256
-0.143599855863
-0.0528244028583
0.243079672607
0.0442851005044
-0.101809657197
-0.133739503988
0.0817562558883
0.111101310774
0.0206243502243
0.430350413594
0.123890407532
-0.468885695798
0.218922063909
0.166913564883
-0.08460543371
0.0678895264931
0.333681197538
0.0239487769562
-0.0655168510417
-0.628464323502
-0.11711428873
0.224636617855
-0.12445386077
0.334741709997
-0.101133415966
0.168126114408
0.0957472248664
-0.809477549377
-0.346330499794
0.0279727352508
0.404124481564
0.18106518509
-0.110955120897
-0.065900067562
0.0734935354583
-0.311862658962
-0.70960095653
-0.257624196206
0.704118842261
0.335331234281
-0.152291504997
-0.201827691404
-0.0491519200954
-0.228927341443
-0.0736961486408
-0.109770804942
0.450727645555
-0.886439825678
-0.125248168686
-0.764763464383
0.558751443294
0.193936703876
0.255167541633
0.107160144335
0.421300463699
0.165990641718
-0.266399461274
0.195209323553
-0.195456694088
0.186073338289
-0.428503221329
-0.138646377606
-0.168003458521
-0.792950499813
0.053911469328
-0.630879723944
-0.567277454554
-0.324275516335
-0.0539799047643
0.0647103415541
-0.867115629094
0.126405442309
0.224510220342
-0.0195119727579
0.0107978703967
-0.0964823376565
-0.0526730092688
0.0900420146712
0.0519247284535
-0.365071073259
-0.0309732837703
0.0790838201642
-0.141897286428
0.0561961023254
0.0767764804715
-0.139840097311
-0.070114043026
0.289890140252
-0.208837729513
-0.0674318543336
0.209259615696
-0.102291759789
-0.308011910814
-0.191906437366
-0.00181237344306
-0.581357574872
0.557421994826
0.0368555957598
0.938594311643
0.269897253849
-0.34138419687
0.39047111677
-0.0793678843978
-0.547252232603
0.34992042801
-0.0830039784246
0.118163009357
0.288714063521
-0.944544912204
-0.245957618748
-0.207976506223
0.333087500645
-0.573298984117
0.0217227467388
-0.0301610872255
0.178827336386
-0.0469785361289
-0.122833022306
-0.127765434871
0.0857815633185
-0.0667426267795
0.246117238482
0.228874082379
-0.454547452452
0.144462855063
-0.137911752664
0.176418873341
0.205632427515
0.334358626241
-0.497200331725
0.289050183533
0.0663286401148
0.243921292115
-0.185660314274
-0.976131280274
0.387104257743
-0.166551059091
-0.364870199596
0.00856866591097
-0.373398697937
-0.329395993069
-0.355454552233
0.358318748338
-0.407490348894
-0.185338466384
-0.269712761859
-0.407169911245
0.015659781785
-0.024401181329
-0.295823898948
-0.106978245264
-0.10330853924
-0.0223209239848
0.0842220268682
-0.0534516304488
-0.768227855439
0.00802852926155
0.336278361147
-0.108120424366
0.102296841259
-0.249233378581
-0.0998281544519
-0.187676747164
-0.270924273711
-0.111551482015
-0.2432207002
-0.340010358143
-0.120634475585
0.329590179877
0.285625224716
0.023341415285
-0.533038905203
-0.646438471491
0.0891684536252
0.156694075936
0.199334793022
-0.29572689944
0.450514953136
-0.220091977871
-0.0889878983711
0.640430966572
0.00329795477065
0.373311378945
-0.295599116275
-1.34354469527
0.185500713449
-0.132410049866
0.410503804432
-0.587715287547
0.361706537437
0.0758320028906
-0.0779720144728
-0.550390865076
0.341453236445
0.299452394237
-0.0405862125227
0.1763695001
-0.291162529324
-0.18918737417
-0.0476480120921
-0.39948166804
0.227230017075
-0.26561794726
-0.00449291664343
0.394782193502
-0.331321626781
0.0804211173888
-0.468612909848
-0.0735683918673
0.114531323737
0.214082497677
0.358294044032
0.135733403
-0.0848593503947
0.150946931814
-0.132728531879
0.000911457910934
0.340881228956
0.441367258733
-0.103301003883
0.681754265219
0.484747750615
0.140003829423
-0.0892438680831
-0.273519199731
0.0641386181295
0.445654092009
-0.0705989894723
-0.0460601001795
0.271437822598
-0.186617329915
0.51603721898
-0.151544767897
0.323658428952
-0.35489165215
0.291524278598
0.306650314625
-0.12042962049
-0.49894296703
-0.0659756656648
0.0803145507956
-0.137501176505
-0.229472241935
-0.467304379012
0.258211405409
0.333698731209
0.0807010647642
-0.389479008661
0.289372551214
-0.201581720894
0.315448929616
0.375372662727
0.224317244398
-0.826778491472
-0.118556884563
-0.327344426348
0.182194468992
-0.4821021816
0.483674596524
0.745359389162
0.546331377244
0.0537947123472
0.111976905149
-0.19685439103
-0.404327500758
-0.195673598761
-0.0550906596076
0.00900280906403
0.0487606437446
0.220576118956
-0.284300667044
0.196441670191
0.681810430023
-0.313355874979
0.272704192412
-0.974443127363
-0.526260336447
0.412955159727
-0.5652860049
-0.436815842912
-0.178638805611
-0.0942145713217
0.0487362978698
-0.290084087532
0.0670716883182
0.269246968641
0.211299783874
0.178641291395
-0.457011357666
0.0663130530064
0.0183665674873
-0.214151211494
0.398075727336
0.26357774379
0.0104968878114
-0.306967122243
-0.18583629658
0.43283519797
0.205203433058
-0.16776669491
0.113704749603
0.578615612526
0.359017715633
-0.00170796072012
0.0868951454718
0.0841854641743
-0.528263560257
0.313217393295
0.0162985344692
-0.195034146026
-0.822810675975
0.331006770138
-0.269952343239
0.190266536072
0.185166780913
-0.166708357997
0.196132809012
1.01654582021
-0.288054315899
0.422189953623
-0.477359539952
0.0362537187835
-0.13176808225
-0.249458755301
-0.128140474992
-0.260574231964
-0.177812180564
-0.0731207289864
-0.344754140719
-0.0431218324611
-0.278208975629
-0.174112867506
-0.116966546649
0.662044897285
-0.0420701026407
-0.217796879099
-0.0879829629875
0.25657685286
0.561408395389
-0.255978492761
-0.476385257578
0.132783226202
0.248462052418
-0.88123103685
0.0484694569166
0.378139090809
0.277216653529
-0.288006646573
-0.0110047823602
0.759659841296
-0.23660962963
0.14139965131
0.48355664663
-0.0895437729286
